2023/3/8 12:6:0 , -14.5458,-14.5375,0.0762,11.8102,0.0,
2023/3/8 12:7:0 , -14.5375,-14.5458,0.0775,11.8102,0.0,
2023/3/8 12:8:0 , -14.5375,-14.5458,0.0771,11.8102,0.0,
2023/3/8 12:9:0 , -14.5403,-14.5485,0.0771,11.8093,0.0,
2023/3/8 12:10:0 , -14.5458,-14.5375,0.0762,11.8079,0.0,
2023/3/8 12:11:0 , -14.5375,-14.5458,0.0771,11.8075,0.0,
2023/3/8 12:12:0 , -14.543,-14.5375,0.0752,11.8079,0.0,
2023/3/8 12:13:0 , -14.5375,-14.5458,0.0766,11.8084,0.0,
2023/3/8 12:14:0 , -14.5403,-14.5485,0.0771,11.8075,0.0,
2023/3/8 12:15:0 , -14.5458,-14.5375,0.0752,11.807,0.0,
2023/3/8 12:16:0 , -14.5375,-14.5485,0.0771,11.8065,0.0,
2023/3/8 12:17:0 , -14.543,-14.5485,0.0771,11.8056,0.0,
2023/3/8 12:18:0 , -14.5458,-14.5403,0.0752,11.8056,0.0,
2023/3/8 12:19:0 , -14.5403,-14.5458,0.0771,11.8052,0.0,
2023/3/8 12:20:0 , -14.5375,-14.5458,0.0762,11.8042,0.0,
2023/3/8 12:21:0 , -14.5458,-14.5403,0.0752,11.8056,0.0,
2023/3/8 12:22:0 , -14.5375,-14.5458,0.0757,11.8047,0.0,
2023/3/8 12:23:0 , -14.543,-14.5458,0.0775,11.8033,0.0,
2023/3/8 12:24:0 , -14.5485,-14.5403,0.0752,11.8042,0.0,
2023/3/8 12:25:0 , -14.5458,-14.5403,0.0752,11.8042,0.0,
2023/3/8 12:26:0 , -14.5375,-14.5485,0.0771,11.8033,0.0,
2023/3/8 12:27:0 , -14.5458,-14.5403,0.0752,11.8042,0.0,
2023/3/8 12:28:0 , -14.5403,-14.5485,0.0775,11.8042,0.0,
2023/3/8 12:29:0 , -14.5375,-14.5485,0.0771,11.8038,0.0,
2023/3/8 12:30:0 , -14.5485,-14.5403,0.0752,11.8024,0.0,
2023/3/8 12:31:0 , -14.5403,-14.5485,0.0762,11.8038,0.0,
2023/3/8 12:32:0 , -14.543,-14.5485,0.0771,11.8029,0.0,
2023/3/8 12:33:0 , -14.5375,-14.5485,0.0757,11.8038,0.0,
2023/3/8 12:34:0 , -14.5458,-14.5403,0.0752,11.8033,0.0,
2023/3/8 12:35:0 , -14.5403,-14.5485,0.0771,11.8029,0.0,
2023/3/8 12:36:0 , -14.5458,-14.543,0.0771,11.8033,0.0,
2023/3/8 12:37:0 , -14.5403,-14.5485,0.0771,11.8033,0.0,
2023/3/8 12:38:0 , -14.5485,-14.543,0.0766,11.8019,0.0,
2023/3/8 12:39:0 , -14.543,-14.5403,0.0748,11.8033,0.0,
2023/3/8 12:40:0 , -14.5458,-14.5403,0.0757,11.8038,0.0,
2023/3/8 12:41:0 , -14.5375,-14.5485,0.0757,11.8019,0.0,
2023/3/8 12:42:0 , -14.5485,-14.5403,0.0762,11.801,0.0,
2023/3/8 12:43:0 , -14.5403,-14.5485,0.0771,11.7987,0.0,
2023/3/8 12:44:0 , -14.5485,-14.5403,0.0752,11.8001,0.0,
2023/3/8 12:45:0 , -14.5403,-14.5485,0.0766,11.7997,0.0,
2023/3/8 12:46:0 , -14.5403,-14.5485,0.0771,11.8006,0.0,
2023/3/8 12:47:0 , -14.5403,-14.543,0.0748,11.8019,0.0,
2023/3/8 12:48:0 , -14.5403,-14.5485,0.0771,11.8015,0.0,
2023/3/8 12:49:0 , -14.5485,-14.5403,0.0748,11.8029,0.0,
2023/3/8 12:50:0 , -14.5458,-14.5403,0.0752,11.8029,0.0,
2023/3/8 12:51:0 , -14.5458,-14.5403,0.0757,11.8015,0.0,
2023/3/8 12:52:0 , -14.5403,-14.5485,0.0771,11.801,0.0,
2023/3/8 12:53:0 , -14.5403,-14.5485,0.0771,11.8024,0.0,
2023/3/8 12:54:0 , -14.5403,-14.5485,0.0771,11.8033,0.0,
2023/3/8 12:55:0 , -14.5485,-14.5403,0.0752,11.8024,0.0,
2023/3/8 12:56:0 , -14.5403,-14.5485,0.0771,11.8019,0.0,
2023/3/14 11:10:0 , -14.5348,-14.5375,0.0762,11.7786,0.0,
2023/3/14 11:20:0 , -14.5403,-14.5348,0.0752,11.7313,0.0,
2023/3/14 11:30:0 , -14.5458,-14.5375,0.0743,11.7184,0.0,
2023/3/14 11:41:0 , -14.543,-14.5458,0.0743,11.746,0.0,
2023/3/14 11:50:0 , -14.5458,-14.5403,0.0739,11.7437,0.0,
2023/3/14 12:0:0 , -14.543,-14.5541,0.0762,11.7409,0.0,
2023/3/14 12:10:0 , -14.5458,-14.5458,0.0743,11.7386,0.0,
2023/3/14 12:20:0 , -14.5458,-14.5541,0.0771,11.7386,0.0,
2023/3/14 12:30:0 , -14.543,-14.5568,0.0771,11.7382,0.0,
2023/3/14 12:40:0 , -14.543,-14.5541,0.0757,11.7373,0.0,
2023/3/14 12:51:0 , -14.543,-14.5513,0.0752,11.7373,0.0,
2023/3/14 13:0:0 , -14.5485,-14.543,0.0743,11.7373,0.0,
2023/3/14 13:10:0 , -14.543,-14.5541,0.0762,11.7368,0.0,
2023/3/14 13:20:0 , -14.543,-14.5513,0.0752,11.7373,0.0,
2023/3/14 13:31:0 , -14.5458,-14.5568,0.0771,11.7359,0.0,
2023/3/14 13:40:0 , -14.5485,-14.543,0.0739,11.7336,0.0,
2023/3/14 13:50:0 , -14.5485,-14.5541,0.0766,11.7304,0.0,
2023/3/14 14:0:0 , -14.5458,-14.5485,0.0739,11.7318,0.0,
2023/3/14 14:11:0 , -14.5513,-14.543,0.0734,11.7322,0.0,
2023/3/14 14:20:0 , -14.5458,-14.5568,0.0752,11.7299,0.0,
2023/3/14 14:30:0 , -14.5458,-14.5541,0.0748,11.7331,0.0,
2023/3/14 14:41:0 , -14.5458,-14.5568,0.0771,11.7318,0.0,
2023/3/14 14:51:0 , -14.5485,-14.5541,0.0766,11.7336,0.0,
2023/3/14 15:0:0 , -14.5458,-14.5568,0.0771,11.7331,0.0,
2023/3/14 15:10:0 , -14.5458,-14.5568,0.0771,11.7345,0.0,
2023/3/14 15:21:0 , -14.5485,-14.5403,0.0734,11.7336,0.0,
2023/3/14 15:30:0 , -14.5458,-14.5568,0.0771,11.7318,0.0,
2023/3/14 15:40:0 , -14.543,-14.5596,0.0766,11.7331,0.0,
2023/3/14 15:51:0 , -14.5458,-14.5513,0.0743,11.7308,0.2,
2023/3/14 16:1:0 , -14.5485,-14.543,0.0734,11.7322,0.0,
2023/3/14 16:10:0 , -14.5485,-14.5568,0.0766,11.7318,0.0,
2023/3/14 16:21:0 , -14.5485,-14.543,0.0734,11.7336,0.0,
2023/3/14 16:31:0 , -14.5485,-14.5513,0.0766,11.7322,0.0,
2023/3/14 16:40:0 , -14.5458,-14.543,0.0734,11.734,0.0,
2023/3/14 16:50:0 , -14.5485,-14.5403,0.0739,11.7368,0.0,
2023/3/14 17:1:0 , -14.543,-14.5568,0.0771,11.7382,0.0,
2023/3/14 17:11:0 , -14.543,-14.5568,0.0766,11.7418,0.0,
2023/3/14 17:20:0 , -14.5458,-14.5403,0.0748,11.7391,0.0,
2023/3/14 17:31:0 , -14.5403,-14.5541,0.0762,11.7391,0.0,
2023/3/14 17:41:0 , -14.5458,-14.543,0.0743,11.7405,0.0,
2023/3/14 17:51:0 , -14.543,-14.5541,0.0771,11.7423,0.0,
2023/3/14 18:0:0 , -14.543,-14.5513,0.0775,11.7432,0.0,
2023/3/14 18:11:0 , -14.5458,-14.5375,0.0739,11.7423,0.0,
2023/3/14 18:21:0 , -14.5458,-14.5403,0.0739,11.7446,0.0,
2023/3/14 18:30:0 , -14.543,-14.5513,0.0771,11.7455,0.0,
2023/3/14 18:41:0 , -14.543,-14.5458,0.0748,11.746,0.0,
2023/3/14 18:51:0 , -14.5403,-14.5513,0.0775,11.746,0.0,
2023/3/14 19:1:0 , -14.5403,-14.5513,0.0766,11.746,0.0,
2023/3/14 19:11:0 , -14.5458,-14.5375,0.0743,11.7469,0.0,
2023/3/14 19:21:0 , -14.543,-14.5458,0.0771,11.7496,0.0,
2023/3/14 19:31:0 , -14.5403,-14.5513,0.0771,11.7492,0.0,
2023/3/14 19:41:0 , -14.5403,-14.5513,0.078,11.7487,0.0,
2023/3/14 19:51:0 , -14.543,-14.5375,0.0743,11.7506,0.0,
2023/3/14 20:1:0 , -14.543,-14.5375,0.0743,11.7501,0.0,
2023/3/14 20:11:0 , -14.5458,-14.543,0.0766,11.7501,0.0,
2023/3/14 20:21:0 , -14.543,-14.543,0.0752,11.7506,0.0,
2023/3/14 20:31:0 , -14.5403,-14.5513,0.078,11.7506,0.0,
2023/3/14 20:41:0 , -14.5458,-14.5375,0.0752,11.751,0.0,
2023/3/14 20:51:0 , -14.543,-14.5403,0.0743,11.7487,0.0,
2023/3/14 21:1:0 , -14.543,-14.5375,0.0743,11.7501,0.0,
2023/3/14 21:11:0 , -14.5403,-14.5513,0.078,11.7487,0.0,
Upload Failed
2023/3/14 21:21:0 , -14.5403,-14.5513,0.078,11.7492,0.0,
2023/3/14 21:31:0 , -14.543,-14.5403,0.0762,11.7492,0.0,
2023/3/14 21:41:0 , -14.5403,-14.5513,0.0771,11.7492,0.0,
2023/3/14 21:51:0 , -14.5458,-14.5403,0.0757,11.7487,0.0,
2023/3/14 22:1:0 , -14.543,-14.5375,0.0743,11.7501,0.0,
2023/3/14 22:11:0 , -14.5458,-14.5375,0.0748,11.7487,0.0,
2023/3/14 22:21:0 , -14.5458,-14.5348,0.0743,11.7501,0.0,
2023/3/14 22:31:0 , -14.5403,-14.5513,0.0771,11.751,0.0,
2023/3/14 22:41:0 , -14.5403,-14.5513,0.0775,11.7496,0.0,
2023/3/14 22:51:0 , -14.543,-14.5458,0.0775,11.7515,0.2,
2023/3/14 23:1:0 , -14.543,-14.5403,0.0762,11.7529,0.0,
2023/3/14 23:11:0 , -14.5403,-14.5513,0.078,11.7533,0.0,
2023/3/14 23:21:0 , -14.5375,-14.5485,0.0766,11.7538,0.4,
2023/3/14 23:31:0 , -14.5375,-14.5458,0.0762,11.7547,0.2,
2023/3/14 23:41:0 , -14.5375,-14.5458,0.0762,11.7561,0.0,
2023/3/14 23:52:0 , -14.543,-14.5348,0.0748,11.7556,0.4,
2023/3/15 0:20:0 , -14.5458,-14.5348,0.0757,11.7744,0.4,
2023/3/15 0:30:0 , -14.5403,-14.5458,0.0785,11.7735,0.0,
2023/3/15 0:40:0 , -14.5403,-14.543,0.0775,11.774,0.0,
2023/3/15 0:51:0 , -14.5403,-14.5485,0.0785,11.7726,0.2,
2023/3/15 1:0:0 , -14.5403,-14.5485,0.078,11.7735,0.2,
2023/3/15 1:10:0 , -14.5403,-14.5375,0.0748,11.7744,1.0,
2023/3/15 1:20:0 , -14.5403,-14.5403,0.0752,11.7758,0.6,
2023/3/15 1:31:0 , -14.5403,-14.5375,0.0771,11.7758,0.6,
2023/3/15 1:40:0 , -14.5375,-14.5458,0.0785,11.7749,0.4,
2023/3/15 1:50:0 , -14.5403,-14.543,0.078,11.7772,1.2,
2023/3/15 2:0:0 , -14.5403,-14.532,0.0752,11.7772,1.0,
2023/3/15 2:11:0 , -14.5403,-14.5348,0.0762,11.7772,1.4,
2023/3/15 2:20:0 , -14.5375,-14.543,0.078,11.7767,0.6,
2023/3/15 2:30:0 , -14.5403,-14.532,0.0748,11.7786,1.6,
2023/3/15 2:40:0 , -14.5375,-14.5375,0.0762,11.7776,0.6,
2023/3/15 2:51:0 , -14.5403,-14.5348,0.0766,11.7795,0.8,
2023/3/15 3:0:0 , -14.5375,-14.5403,0.078,11.7795,1.0,
2023/3/15 3:10:0 , -14.5348,-14.5485,0.0789,11.7795,1.2,
2023/3/15 3:20:0 , -14.5348,-14.5458,0.0771,11.779,1.6,
2023/3/15 3:31:0 , -14.5375,-14.5403,0.0757,11.7813,1.2,
2023/3/15 3:40:0 , -14.5403,-14.5375,0.0771,11.7813,0.4,
2023/3/15 3:50:0 , -14.5348,-14.543,0.0766,11.7813,1.4,
2023/3/15 4:0:0 , -14.5375,-14.543,0.0785,11.7808,0.6,
2023/3/15 4:11:0 , -14.5348,-14.5458,0.0775,11.7808,1.8,
2023/3/15 4:20:0 , -14.5348,-14.5485,0.0789,11.7804,1.6,
2023/3/15 4:30:0 , -14.5375,-14.5348,0.0771,11.7818,0.8,
2023/3/15 4:40:0 , -14.532,-14.5458,0.0785,11.7818,1.2,
2023/3/15 4:51:0 , -14.5348,-14.5458,0.0789,11.7836,0.0,
2023/3/15 5:1:0 , -14.5348,-14.543,0.0771,11.779,0.2,
2023/3/15 5:10:0 , -14.5348,-14.543,0.0771,11.7772,0.2,
2023/3/15 5:21:0 , -14.5375,-14.532,0.0752,11.7786,0.0,
2023/3/15 5:31:0 , -14.5375,-14.532,0.0766,11.7786,0.2,
2023/3/15 5:41:0 , -14.5348,-14.5348,0.0752,11.779,0.0,
2023/3/15 5:50:0 , -14.5348,-14.543,0.0771,11.7795,0.0,
2023/3/15 6:1:0 , -14.5348,-14.543,0.0775,11.779,0.2,
2023/3/15 6:11:0 , -14.5375,-14.5348,0.0775,11.779,0.0,
2023/3/15 6:21:0 , -14.532,-14.5458,0.0785,11.7781,0.0,
2023/3/15 6:30:0 , -14.5403,-14.532,0.0762,11.7786,0.0,
2023/3/15 6:41:0 , -14.5348,-14.5375,0.0757,11.7808,0.0,
2023/3/15 6:51:0 , -14.5403,-14.532,0.0757,11.7786,0.0,
2023/3/15 7:1:0 , -14.5403,-14.532,0.0766,11.7776,0.0,
2023/3/15 7:10:0 , -14.5375,-14.5348,0.0771,11.7781,0.4,
2023/3/15 7:21:0 , -14.5348,-14.5375,0.0757,11.7758,0.2,
2023/3/15 7:31:0 , -14.5348,-14.5485,0.0785,11.7753,0.0,
2023/3/15 7:41:0 , -14.5375,-14.532,0.0752,11.7744,0.0,
2023/3/15 7:50:0 , -14.5403,-14.532,0.0757,11.7744,0.0,
2023/3/15 8:1:0 , -14.5375,-14.543,0.0762,11.7721,0.0,
2023/3/15 8:11:0 , -14.5375,-14.5513,0.0785,11.768,0.0,
2023/3/15 8:21:0 , -14.5375,-14.5513,0.078,11.7666,0.0,
2023/3/15 8:30:0 , -14.543,-14.5348,0.0748,11.7657,0.0,
2023/3/15 8:41:0 , -14.5375,-14.5513,0.0766,11.7639,0.0,
2023/3/15 8:51:0 , -14.543,-14.5458,0.0775,11.7607,0.0,
2023/3/15 9:1:0 , -14.5403,-14.5485,0.0757,11.7593,0.0,
2023/3/15 9:10:0 , -14.5403,-14.5541,0.078,11.757,0.0,
2023/3/15 9:21:0 , -14.543,-14.543,0.0748,11.7565,0.0,
2023/3/15 9:31:0 , -14.5458,-14.5375,0.0739,11.7542,0.0,
2023/3/15 9:41:0 , -14.5403,-14.5541,0.0766,11.751,0.0,
2023/3/15 9:51:0 , -14.543,-14.5541,0.0775,11.7506,0.0,
2023/3/15 10:1:0 , -14.5458,-14.5485,0.0766,11.7487,0.0,
2023/3/15 10:11:0 , -14.543,-14.5513,0.0752,11.7474,0.0,
2023/3/15 10:21:0 , -14.543,-14.5568,0.0771,11.7464,0.0,
2023/3/15 10:31:0 , -14.5485,-14.543,0.0734,11.7474,0.0,
2023/3/15 10:41:0 , -14.5485,-14.543,0.0739,11.7451,0.0,
2023/3/15 10:51:0 , -14.5458,-14.5568,0.0762,11.7437,0.0,
2023/3/15 11:1:0 , -14.5485,-14.5541,0.0766,11.7423,0.0,
2023/3/15 11:12:0 , -14.5485,-14.5458,0.0752,11.7396,0.0,
2023/3/15 11:21:0 , -14.5458,-14.5596,0.0766,11.7386,0.0,
2023/3/15 11:31:0 , -14.5513,-14.5458,0.0743,11.7382,0.0,
2023/3/15 11:41:0 , -14.5485,-14.5568,0.0748,11.7368,0.0,
Upload Failed
2023/3/15 11:51:0 , -14.5541,-14.5458,0.0729,11.7345,0.0,
2023/3/15 12:1:0 , -14.5485,-14.5623,0.0766,11.7322,0.0,
2023/3/15 12:12:0 , -14.5541,-14.5458,0.0734,11.7285,0.0,
2023/3/15 12:21:0 , -14.5485,-14.5623,0.0757,11.7285,0.0,
2023/3/15 12:31:0 , -14.5513,-14.5568,0.0739,11.7244,0.0,
2023/3/15 12:41:0 , -14.5568,-14.5541,0.0752,11.7235,0.0,
2023/3/15 12:52:0 , -14.5513,-14.5623,0.0762,11.723,0.0,
2023/3/15 13:1:0 , -14.5513,-14.5623,0.0762,11.7235,0.0,
2023/3/15 13:11:0 , -14.5513,-14.5623,0.0762,11.7235,0.0,
2023/3/15 13:21:0 , -14.5513,-14.5623,0.0762,11.724,0.0,
2023/3/15 13:32:0 , -14.5541,-14.5513,0.0748,11.7235,0.0,
2023/3/15 13:41:0 , -14.5513,-14.5651,0.0757,11.723,0.0,
2023/3/15 13:51:0 , -14.5513,-14.5623,0.0748,11.723,0.0,
2023/3/15 14:2:0 , -14.5541,-14.5568,0.0757,11.7226,0.0,
2023/3/15 14:12:0 , -14.5513,-14.5623,0.0762,11.724,0.0,
2023/3/15 14:21:0 , -14.5513,-14.5541,0.0725,11.7217,0.0,
2023/3/15 14:31:0 , -14.5541,-14.5623,0.0757,11.7194,0.0,
2023/3/15 14:42:0 , -14.5513,-14.5623,0.0748,11.7217,0.0,
2023/3/15 14:52:0 , -14.5568,-14.5485,0.0725,11.7194,0.0,
2023/3/15 15:1:0 , -14.5568,-14.5485,0.0725,11.7203,0.0,
2023/3/15 15:11:0 , -14.5513,-14.5623,0.0752,11.7226,0.0,
2023/3/15 15:22:0 , -14.5541,-14.5513,0.0743,11.7226,0.0,
2023/3/15 15:32:0 , -14.5568,-14.5513,0.0739,11.724,0.0,
2023/3/15 15:41:0 , -14.5513,-14.5485,0.0725,11.7258,0.0,
2023/3/15 15:51:0 , -14.5513,-14.5623,0.0762,11.7253,0.0,
2023/3/15 16:2:0 , -14.5513,-14.5623,0.0752,11.7253,0.0,
2023/3/15 16:12:0 , -14.5485,-14.5623,0.0757,11.7267,0.0,
2023/3/15 16:21:0 , -14.5541,-14.5458,0.0734,11.7276,0.0,
2023/3/15 16:31:0 , -14.5513,-14.5623,0.0766,11.7285,0.0,
2023/3/15 16:42:0 , -14.5541,-14.5458,0.0729,11.729,0.0,
2023/3/15 16:52:0 , -14.5541,-14.5458,0.0734,11.7308,0.0,
2023/3/15 17:2:0 , -14.5458,-14.5623,0.0766,11.7322,0.0,
2023/3/15 17:11:0 , -14.5513,-14.5458,0.0729,11.7322,0.0,
2023/3/15 17:22:0 , -14.5513,-14.543,0.0729,11.7354,0.2,
2023/3/15 17:32:0 , -14.5458,-14.5596,0.0762,11.7359,0.0,
2023/3/15 17:42:0 , -14.5458,-14.5596,0.0762,11.7359,0.0,
2023/3/15 17:51:0 , -14.5458,-14.5596,0.0766,11.7373,0.0,
2023/3/15 18:2:0 , -14.5458,-14.5568,0.0766,11.74,0.0,
2023/3/15 18:12:0 , -14.5485,-14.543,0.0734,11.7418,0.0,
2023/3/15 18:22:0 , -14.5458,-14.5568,0.0762,11.7428,0.0,
2023/3/15 18:31:0 , -14.543,-14.5568,0.0762,11.7428,0.0,
2023/3/15 18:42:0 , -14.5458,-14.5568,0.0775,11.7441,0.0,
2023/3/15 18:52:0 , -14.543,-14.5513,0.0748,11.7437,0.0,
2023/3/15 19:2:0 , -14.5513,-14.5403,0.0743,11.7455,0.0,
2023/3/15 19:12:0 , -14.5458,-14.5458,0.0739,11.7464,0.0,
2023/3/15 19:22:0 , -14.543,-14.5568,0.0771,11.746,0.0,
2023/3/15 19:32:0 , -14.5485,-14.5403,0.0734,11.7469,0.0,
2023/3/15 19:42:0 , -14.5458,-14.543,0.0739,11.7464,0.0,
2023/3/15 19:52:0 , -14.5458,-14.5513,0.0771,11.7469,0.0,
2023/3/15 20:2:0 , -14.5458,-14.5485,0.0771,11.7478,0.0,
2023/3/15 20:12:0 , -14.543,-14.5568,0.0775,11.7469,0.0,
2023/3/15 20:22:0 , -14.5458,-14.5403,0.0739,11.7464,0.0,
2023/3/15 20:32:0 , -14.5485,-14.5403,0.0739,11.7501,0.0,
2023/3/15 20:42:0 , -14.5458,-14.5485,0.0762,11.7492,0.0,
2023/3/15 20:52:0 , -14.5458,-14.5458,0.0743,11.7506,0.0,
2023/3/15 21:2:0 , -14.543,-14.5541,0.0766,11.7478,0.0,
2023/3/15 21:12:0 , -14.543,-14.5485,0.0743,11.7487,0.0,
2023/3/15 21:22:0 , -14.543,-14.5513,0.0757,11.7492,0.0,
2023/3/15 21:32:0 , -14.5458,-14.543,0.0739,11.7496,0.0,
2023/3/15 21:42:0 , -14.543,-14.5541,0.0775,11.7492,0.0,
2023/3/15 21:52:0 , -14.5485,-14.543,0.0757,11.7501,0.0,
2023/3/15 22:2:0 , -14.543,-14.5541,0.0775,11.7492,0.0,
2023/3/15 22:12:0 , -14.543,-14.5568,0.0775,11.7496,0.0,
2023/3/15 22:22:0 , -14.543,-14.5513,0.0752,11.751,0.0,
2023/3/15 22:33:0 , -14.543,-14.5541,0.0775,11.751,0.0,
2023/3/15 22:42:0 , -14.5485,-14.5403,0.0748,11.7496,0.2,
2023/3/15 22:52:0 , -14.543,-14.5513,0.0757,11.7515,0.4,
2023/3/15 23:3:0 , -14.543,-14.5513,0.0771,11.7524,1.4,
2023/3/15 23:13:0 , -14.5458,-14.5485,0.0771,11.7529,1.0,
2023/3/15 23:22:0 , -14.5403,-14.5541,0.0771,11.7524,3.0,
2023/3/15 23:32:0 , -14.5403,-14.5541,0.0775,11.7524,1.8,
2023/3/15 23:43:0 , -14.5458,-14.543,0.0762,11.7529,3.2,
2023/3/15 23:53:0 , -14.543,-14.5541,0.0775,11.7547,3.8,
2023/3/16 0:20:0 , -14.5458,-14.5485,0.0775,11.763,4.0,
2023/3/16 0:30:0 , -14.543,-14.5513,0.0762,11.762,2.6,
2023/3/16 0:40:0 , -14.5458,-14.5458,0.0766,11.7602,2.4,
2023/3/16 0:50:0 , -14.5403,-14.5458,0.0757,11.7616,2.4,
2023/3/16 1:0:0 , -14.5458,-14.5375,0.0739,11.7611,2.0,
2023/3/16 1:10:0 , -14.5458,-14.5403,0.0748,11.7611,2.0,
2023/3/16 1:20:0 , -14.5458,-14.5375,0.0743,11.7593,4.0,
2023/3/16 1:30:0 , -14.543,-14.5403,0.0739,11.7593,1.2,
2023/3/16 1:40:0 , -14.543,-14.543,0.0743,11.7602,2.0,
2023/3/16 1:50:0 , -14.543,-14.5513,0.0775,11.7616,2.4,
2023/3/16 2:0:0 , -14.5458,-14.5375,0.0743,11.7593,0.8,
2023/3/16 2:10:0 , -14.5458,-14.5403,0.0739,11.7593,0.8,
2023/3/16 2:20:0 , -14.5403,-14.5513,0.0766,11.7584,2.0,
2023/3/16 2:30:0 , -14.543,-14.5485,0.0757,11.7593,0.6,
2023/3/16 2:41:0 , -14.5458,-14.5485,0.0771,11.7579,0.2,
2023/3/16 2:50:0 , -14.543,-14.543,0.0743,11.7588,0.2,
2023/3/16 3:0:0 , -14.5458,-14.5403,0.0739,11.7579,0.2,
2023/3/16 3:10:0 , -14.5485,-14.5403,0.0748,11.7574,0.2,
2023/3/16 3:21:0 , -14.5458,-14.5375,0.0739,11.7552,0.0,
2023/3/16 3:31:0 , -14.5458,-14.5458,0.0762,11.7556,0.0,
2023/3/16 3:40:0 , -14.5458,-14.5403,0.0739,11.7547,0.0,
2023/3/16 3:50:0 , -14.5485,-14.5375,0.0743,11.7542,0.0,
2023/3/16 4:1:0 , -14.543,-14.5541,0.0775,11.7552,0.0,
2023/3/16 4:11:0 , -14.5485,-14.5375,0.0743,11.7547,0.0,
2023/3/16 4:20:0 , -14.5403,-14.5541,0.0766,11.7565,0.0,
2023/3/16 4:30:0 , -14.5485,-14.5403,0.0743,11.7574,0.2,
2023/3/16 4:41:0 , -14.5458,-14.5403,0.0739,11.7538,0.0,
2023/3/16 4:51:0 , -14.5458,-14.5403,0.0739,11.7556,0.0,
2023/3/16 5:0:0 , -14.5458,-14.543,0.0739,11.7561,0.0,
2023/3/16 5:10:0 , -14.5458,-14.5513,0.0771,11.7547,0.0,
2023/3/16 5:21:0 , -14.543,-14.5568,0.0771,11.7547,0.0,
2023/3/16 5:31:0 , -14.543,-14.5568,0.0771,11.7538,0.0,
2023/3/16 5:40:0 , -14.5458,-14.5513,0.0771,11.7538,0.0,
Upload Failed
2023/3/16 5:50:0 , -14.5458,-14.543,0.0739,11.7538,0.0,
2023/3/16 6:0:0 , -14.543,-14.5485,0.0752,11.7538,0.0,
2023/3/16 6:11:0 , -14.5485,-14.5403,0.0743,11.7533,0.0,
2023/3/16 6:21:0 , -14.5485,-14.5403,0.0739,11.7533,0.0,
2023/3/16 6:30:0 , -14.5485,-14.5458,0.0757,11.7533,0.0,
2023/3/16 6:40:0 , -14.543,-14.5541,0.0762,11.7519,0.0,
2023/3/16 6:51:0 , -14.5485,-14.543,0.0748,11.7529,0.0,
2023/3/16 7:1:0 , -14.543,-14.5541,0.0775,11.7533,0.0,
2023/3/16 7:10:0 , -14.5485,-14.543,0.0739,11.7524,0.0,
2023/3/16 7:21:0 , -14.5458,-14.5458,0.0743,11.7519,0.0,
2023/3/16 7:31:0 , -14.543,-14.5568,0.0771,11.751,0.0,
2023/3/16 7:41:0 , -14.5485,-14.5403,0.0739,11.7515,0.0,
2023/3/16 7:50:0 , -14.5458,-14.5458,0.0743,11.7506,0.0,
2023/3/16 8:1:0 , -14.5458,-14.5485,0.0771,11.7519,0.0,
2023/3/16 8:11:0 , -14.5458,-14.5513,0.0771,11.7515,0.0,
2023/3/16 8:21:0 , -14.5485,-14.5403,0.0734,11.7501,0.0,
2023/3/16 8:31:0 , -14.5458,-14.5568,0.0771,11.751,0.0,
2023/3/16 8:41:0 , -14.5458,-14.5485,0.0748,11.7492,0.0,
2023/3/16 8:51:0 , -14.5458,-14.5568,0.0771,11.7483,0.0,
2023/3/16 9:1:0 , -14.543,-14.5568,0.0762,11.7496,0.0,
2023/3/16 9:11:0 , -14.5458,-14.5541,0.0771,11.7483,0.0,
2023/3/16 9:21:0 , -14.5458,-14.5568,0.0771,11.7469,0.0,
