2023/3/8 17:34:0 , -15.0,-14.5513,0.0748,0.0775,0.0,
2023/3/8 17:51:0 , 57.59,-14.5458,0.0748,0.0748,0.0,
2023/3/8 18:1:0 , 57.5569,-14.5458,0.0752,0.0711,0.0,
2023/3/8 18:11:0 , 57.5624,-14.5568,0.0762,0.0716,0.0,
2023/3/8 18:21:0 , 57.5679,-14.5458,0.0748,0.0725,0.0,
2023/3/8 18:31:0 , 57.5762,-14.5458,0.0748,0.0766,0.0,
2023/3/8 18:41:0 , 57.5845,-14.5458,0.0757,0.0711,0.0,
2023/3/8 18:51:0 , 57.579,-14.5568,0.0762,0.072,0.0,
2023/3/8 19:2:0 , 57.579,-14.5513,0.0743,0.0771,0.0,
2023/3/8 19:11:0 , 57.579,-14.5485,0.0757,0.0711,0.0,
2023/3/8 19:21:0 , 57.579,-14.5458,0.0748,0.0743,0.0,
2023/3/8 19:32:0 , 57.5872,-14.5485,0.0748,0.0771,0.0,
2023/3/8 19:41:0 , 57.5845,-14.5485,0.0752,0.0757,0.0,
2023/3/8 19:51:0 , 57.6065,-14.5458,0.0752,0.0725,0.0,
2023/3/8 20:1:0 , 57.6065,-14.543,0.0748,0.0766,0.0,
2023/3/8 20:11:0 , 57.5982,-14.543,0.0748,0.0766,0.0,
2023/3/8 20:22:0 , 57.59,-14.5513,0.0762,0.0716,0.0,
2023/3/8 20:31:0 , 57.5872,-14.5541,0.0757,0.0739,0.0,
2023/3/8 20:41:0 , 57.5817,-14.5458,0.0752,0.072,0.0,
2023/3/14 10:39:0 , -15.0,-14.5403,0.0766,0.078,0.0,
2023/3/14 11:0:0 , 57.4799,-14.5541,0.0752,0.0757,0.0,
2023/3/14 11:11:0 , 57.3092,-14.5485,0.0748,0.0739,0.0,
2023/3/14 11:20:0 , 57.3037,-14.5541,0.0752,0.0716,0.0,
2023/3/14 11:30:0 , 57.2927,-14.5541,0.0757,0.0716,0.0,
2023/3/14 11:41:0 , 57.2982,-14.5541,0.0752,0.0734,0.0,
2023/3/14 11:50:0 , 57.2789,-14.5513,0.0743,0.0748,0.0,
2023/3/14 12:0:0 , 57.2817,-14.5568,0.0752,0.0725,0.0,
2023/3/14 12:11:0 , 57.2679,-14.5541,0.0748,0.0716,0.0,
2023/3/14 12:20:0 , 57.2817,-14.5485,0.0748,0.0762,0.0,
2023/3/14 12:30:0 , 57.2734,-14.5568,0.0752,0.0729,0.0,
2023/3/14 12:41:0 , 57.2707,-14.5541,0.0743,0.0762,0.0,
2023/3/14 12:50:0 , 57.2624,-14.5513,0.0743,0.0762,0.0,
2023/3/14 13:0:0 , 57.2624,-14.5513,0.0743,0.0748,0.0,
2023/3/14 13:11:0 , 57.2734,-14.5513,0.0743,0.0762,0.0,
2023/3/14 13:20:0 , 57.2734,-14.5513,0.0743,0.0762,0.0,
2023/3/14 13:30:0 , 57.2541,-14.5568,0.0752,0.0711,0.0,
2023/3/14 13:40:0 , 57.2569,-14.5541,0.0743,0.0757,0.0,
2023/3/14 13:51:0 , 57.2514,-14.5541,0.0748,0.0716,0.0,
2023/3/14 14:0:0 , 57.2459,-14.5568,0.0752,0.072,0.0,
2023/3/14 14:10:0 , 57.2596,-14.5568,0.0752,0.0711,0.0,
2023/3/14 14:21:0 , 57.2541,-14.5596,0.0748,0.0748,0.0,
2023/3/14 14:30:0 , 57.2404,-14.5568,0.0748,0.0711,0.0,
2023/3/14 14:40:0 , 57.2156,-14.5596,0.0748,0.0711,0.0,
2023/3/14 14:51:0 , 57.2376,-14.5541,0.0739,0.0757,0.0,
2023/3/14 15:0:0 , 57.2321,-14.5541,0.0739,0.0752,0.0,
2023/3/14 15:10:0 , 57.2376,-14.5596,0.0748,0.0739,0.0,
2023/3/14 15:21:0 , 57.2431,-14.5568,0.0752,0.0716,0.0,
2023/3/14 15:31:0 , 57.2404,-14.5541,0.0743,0.0757,0.0,
2023/3/14 15:40:0 , 57.2404,-14.5596,0.0752,0.0711,0.0,
2023/3/14 15:51:0 , 57.2349,-14.5568,0.0739,0.0757,0.0,
2023/3/14 16:1:0 , 57.2376,-14.5596,0.0752,0.0716,0.0,
2023/3/14 16:10:0 , 57.2321,-14.5568,0.0743,0.0757,0.0,
2023/3/14 16:20:0 , 57.2459,-14.5596,0.0748,0.0739,0.0,
2023/3/14 16:31:0 , 57.2514,-14.5596,0.0748,0.0743,0.0,
2023/3/14 16:41:0 , 57.2459,-14.5568,0.0743,0.0757,0.0,
2023/3/14 16:50:0 , 57.2514,-14.5513,0.0739,0.0762,0.0,
2023/3/14 17:1:0 , 57.2459,-14.5485,0.0743,0.0739,0.0,
2023/3/14 17:11:0 , 57.2707,-14.5513,0.0743,0.0762,0.0,
2023/3/14 17:20:0 , 57.2624,-14.5513,0.0743,0.0748,0.0,
2023/3/14 17:31:0 , 57.2624,-14.5568,0.0748,0.0762,0.0,
2023/3/14 17:41:0 , 57.2762,-14.5541,0.0752,0.0716,0.0,
2023/3/14 17:50:0 , 57.2679,-14.5568,0.0752,0.0748,0.0,
2023/3/14 18:1:0 , 57.2817,-14.5513,0.0743,0.0734,0.0,
2023/3/14 18:11:0 , 57.2596,-14.5541,0.0743,0.0762,0.0,
2023/3/14 18:21:0 , 57.2789,-14.5513,0.0748,0.0748,0.0,
2023/3/14 18:31:0 , 57.2982,-14.5541,0.0752,0.0752,0.0,
2023/3/14 18:41:0 , 57.3037,-14.5513,0.0757,0.072,0.0,
2023/3/14 18:51:0 , 57.3037,-14.5541,0.0752,0.0716,0.0,
2023/3/14 19:0:0 , 57.3174,-14.5513,0.0752,0.072,0.0,
2023/3/14 19:11:0 , 57.3147,-14.5485,0.0757,0.072,0.0,
2023/3/14 19:21:0 , 57.3147,-14.5485,0.0748,0.0757,0.0,
2023/3/14 19:31:0 , 57.334,-14.5541,0.0762,0.072,0.0,
2023/3/14 19:41:0 , 57.3285,-14.5513,0.0752,0.0757,0.0,
2023/3/14 19:51:0 , 57.3312,-14.5513,0.0757,0.072,0.0,
2023/3/14 20:1:0 , 57.3257,-14.5541,0.0762,0.072,0.0,
2023/3/14 20:11:0 , 57.3395,-14.5541,0.0757,0.072,0.0,
2023/3/14 20:21:0 , 57.3422,-14.5485,0.0748,0.0766,0.0,
2023/3/14 20:31:0 , 57.345,-14.5513,0.0748,0.0766,0.0,
2023/3/14 20:41:0 , 57.3477,-14.5458,0.0752,0.0757,0.0,
2023/3/14 20:51:0 , 57.3395,-14.5541,0.0757,0.0743,0.0,
2023/3/14 21:1:0 , 57.3395,-14.5513,0.0757,0.0762,0.0,
2023/3/14 21:11:0 , 57.3422,-14.5513,0.0757,0.0762,0.0,
2023/3/14 21:21:0 , 57.345,-14.5541,0.0762,0.072,0.0,
2023/3/14 21:31:0 , 57.3532,-14.5458,0.0748,0.0757,0.0,
2023/3/14 21:41:0 , 57.3202,-14.5458,0.0748,0.0757,0.0,
2023/3/14 21:52:0 , 57.3367,-14.5458,0.0752,0.0757,0.0,
2023/3/14 22:1:0 , 57.3477,-14.5485,0.0752,0.0771,0.0,
2023/3/14 22:11:0 , 57.3477,-14.5458,0.0748,0.0771,0.0,
2023/3/14 22:21:0 , 57.356,-14.5568,0.0762,0.0734,0.0,
2023/3/14 22:31:0 , 57.3615,-14.5541,0.0762,0.072,0.0,
2023/3/14 22:41:0 , 57.3505,-14.5485,0.0762,0.0725,0.0,
2023/3/14 22:51:0 , 57.356,-14.5541,0.0762,0.0729,0.0,
2023/3/14 23:2:0 , 57.3587,-14.5513,0.0752,0.0771,0.0,
2023/3/14 23:11:0 , 57.3615,-14.5485,0.0752,0.0771,0.0,
2023/3/14 23:21:0 , 57.367,-14.5485,0.0762,0.072,0.0,
2023/3/14 23:32:0 , 57.3753,-14.543,0.0757,0.0729,0.0,
2023/3/14 23:41:0 , 57.3725,-14.5485,0.0752,0.0752,0.0,
2023/3/15 0:4:0 , -15.0,-14.5541,0.0766,0.0725,0.0,
2023/3/15 0:30:0 , 57.3753,-14.5485,0.0766,0.0734,0.0,
2023/3/15 0:40:0 , 57.3505,-14.5485,0.0752,0.0771,0.0,
2023/3/15 0:50:0 , 57.3808,-14.543,0.0752,0.0752,0.0,
2023/3/15 1:0:0 , 57.3973,-14.5485,0.0762,0.0748,0.0,
2023/3/15 1:10:0 , 57.4028,-14.543,0.0757,0.0743,0.0,
2023/3/15 1:20:0 , 57.4083,-14.5485,0.0766,0.0748,0.0,
2023/3/15 1:30:0 , 57.411,-14.543,0.0762,0.0729,0.0,
2023/3/15 1:41:0 , 57.4138,-14.5458,0.0757,0.0729,0.0,
2023/3/15 1:50:0 , 57.4193,-14.5458,0.0757,0.0775,0.0,
2023/3/15 2:0:0 , 57.4193,-14.5403,0.0762,0.0743,0.0,
2023/3/15 2:10:0 , 57.4303,-14.543,0.0757,0.0757,0.0,
2023/3/15 2:21:0 , 57.4276,-14.5513,0.0766,0.0725,0.0,
2023/3/15 2:30:0 , 57.4221,-14.5485,0.0762,0.0771,0.0,
2023/3/15 2:40:0 , 57.4083,-14.5458,0.0757,0.0771,0.0,
2023/3/15 2:51:0 , 57.4248,-14.5458,0.0766,0.0725,0.0,
2023/3/15 3:1:0 , 57.4165,-14.5513,0.0766,0.0739,0.0,
2023/3/15 3:10:0 , 57.4165,-14.5403,0.0757,0.0775,0.0,
2023/3/15 3:20:0 , 57.4331,-14.5403,0.0757,0.0775,0.0,
2023/3/15 3:31:0 , 57.4303,-14.5403,0.0757,0.0775,0.0,
2023/3/15 3:40:0 , 57.4358,-14.5458,0.0766,0.0729,0.0,
2023/3/15 3:50:0 , 57.4358,-14.5458,0.0771,0.0729,0.0,
2023/3/15 4:1:0 , 57.4303,-14.5403,0.0757,0.0757,0.0,
2023/3/15 4:11:0 , 57.4165,-14.5403,0.0752,0.0775,0.0,
2023/3/15 4:20:0 , 57.4303,-14.5403,0.0757,0.0762,0.0,
2023/3/15 4:30:0 , 57.4331,-14.5458,0.0766,0.0729,0.0,
2023/3/15 4:41:0 , 57.4468,-14.5513,0.0762,0.0757,0.0,
2023/3/15 4:51:0 , 57.4413,-14.5458,0.0766,0.0739,0.0,
2023/3/15 5:0:0 , 57.4358,-14.5485,0.0771,0.0729,0.0,
2023/3/15 5:10:0 , 57.4413,-14.543,0.0757,0.0757,0.0,
2023/3/15 5:21:0 , 57.4496,-14.5403,0.0757,0.0771,0.0,
2023/3/15 5:31:0 , 57.4468,-14.5403,0.0762,0.0734,0.0,
2023/3/15 5:40:0 , 57.4468,-14.5458,0.0771,0.0729,0.0,
2023/3/15 5:51:0 , 57.4578,-14.5485,0.0766,0.0757,0.0,
2023/3/15 6:1:0 , 57.4578,-14.543,0.0771,0.0734,0.0,
2023/3/15 6:11:0 , 57.4661,-14.5458,0.0766,0.0757,0.0,
2023/3/15 6:20:0 , 57.4441,-14.5458,0.0766,0.0757,0.0,
2023/3/15 6:31:0 , 57.4606,-14.5403,0.0762,0.0775,0.0,
2023/3/15 6:41:0 , 57.4578,-14.5403,0.0762,0.078,0.0,
2023/3/15 6:50:0 , 57.4578,-14.543,0.0757,0.0775,0.0,
2023/3/15 7:1:0 , 57.4578,-14.5458,0.0757,0.0771,0.0,
2023/3/15 7:11:0 , 57.4441,-14.5458,0.0762,0.0766,0.0,
2023/3/15 7:21:0 , 57.4386,-14.5458,0.0762,0.0775,0.0,
2023/3/15 7:30:0 , 57.4276,-14.5458,0.0766,0.0729,0.0,
2023/3/15 7:41:0 , 57.4028,-14.5403,0.0757,0.0757,0.0,
2023/3/15 7:51:0 , 57.4165,-14.5458,0.0757,0.0766,0.0,
2023/3/15 8:1:0 , 57.4028,-14.5485,0.0766,0.0743,0.0,
2023/3/15 8:11:0 , 57.3973,-14.543,0.0752,0.0757,0.0,
2023/3/15 8:21:0 , 57.4,-14.5458,0.0757,0.0734,0.0,
2023/3/15 8:31:0 , 57.3835,-14.5541,0.0762,0.0725,0.0,
2023/3/15 8:41:0 , 57.3835,-14.5513,0.0762,0.072,0.0,
2023/3/15 8:51:0 , 57.367,-14.5485,0.0752,0.0771,0.0,
2023/3/15 9:1:0 , 57.3615,-14.5458,0.0752,0.0762,0.0,
2023/3/15 9:11:0 , 57.3615,-14.5541,0.0762,0.072,0.0,
2023/3/15 9:21:0 , 57.3532,-14.5485,0.0748,0.0771,0.0,
2023/3/15 9:31:0 , 57.3395,-14.5485,0.0748,0.0734,0.0,
2023/3/15 9:41:0 , 57.3285,-14.5541,0.0757,0.072,0.0,
2023/3/15 9:51:0 , 57.3064,-14.5568,0.0748,0.0762,0.0,
2023/3/15 10:1:0 , 57.2982,-14.5513,0.0743,0.0762,0.0,
2023/3/15 10:11:0 , 57.2844,-14.5541,0.0743,0.0762,0.0,
2023/3/15 10:21:0 , 57.2817,-14.5568,0.0748,0.0734,0.0,
2023/3/15 10:31:0 , 57.2734,-14.5513,0.0739,0.0757,0.0,
2023/3/15 10:41:0 , 57.2486,-14.5541,0.0743,0.0716,0.0,
2023/3/15 10:51:0 , 57.2486,-14.5568,0.0748,0.0711,0.0,
2023/3/15 11:1:0 , 57.2376,-14.5568,0.0739,0.0757,0.0,
2023/3/15 11:11:0 , 57.2046,-14.5596,0.0748,0.0707,0.0,
2023/3/15 11:21:0 , 57.2073,-14.5541,0.0734,0.0757,0.0,
2023/3/15 11:31:0 , 57.2073,-14.5568,0.0739,0.0752,0.0,
2023/3/15 11:41:0 , 57.1908,-14.5541,0.0739,0.0725,0.0,
2023/3/15 11:52:0 , 57.1936,-14.5541,0.0739,0.0725,0.0,
2023/3/15 12:1:0 , 57.1771,-14.5568,0.0739,0.0725,0.0,
2023/3/15 12:11:0 , 57.1826,-14.5651,0.0743,0.0725,0.0,
2023/3/15 12:21:0 , 57.1853,-14.5623,0.0743,0.0707,0.0,
2023/3/15 12:32:0 , 57.1605,-14.5651,0.0743,0.0702,0.0,
2023/3/15 12:41:0 , 57.1578,-14.5651,0.0739,0.0743,0.0,
2023/3/15 12:51:0 , 57.1468,-14.5623,0.0739,0.0711,0.0,
2023/3/15 13:2:0 , 57.1495,-14.5651,0.0739,0.0707,0.0,
2023/3/15 13:11:0 , 57.1468,-14.5596,0.0734,0.0748,0.0,
2023/3/15 13:21:0 , 57.144,-14.5596,0.0729,0.0752,0.0,
2023/3/15 13:31:0 , 57.1468,-14.5596,0.0729,0.0752,0.0,
2023/3/15 13:42:0 , 57.1468,-14.5651,0.0739,0.0702,0.0,
2023/3/15 13:51:0 , 57.155,-14.5596,0.0729,0.0748,0.0,
2023/3/15 14:1:0 , 57.1578,-14.5623,0.0734,0.0748,0.0,
2023/3/15 14:11:0 , 57.1523,-14.5568,0.0729,0.0743,0.0,
2023/3/15 14:22:0 , 57.1523,-14.5623,0.0739,0.0702,0.0,
2023/3/15 14:32:0 , 57.1495,-14.5596,0.0734,0.0707,0.0,
2023/3/15 14:41:0 , 57.1165,-14.5651,0.0739,0.0702,0.0,
2023/3/15 14:51:0 , 57.1358,-14.5596,0.0729,0.0752,0.0,
2023/3/15 15:2:0 , 57.1358,-14.5651,0.0743,0.0697,0.0,
2023/3/15 15:11:0 , 57.1413,-14.5678,0.0739,0.0729,0.0,
2023/3/15 15:21:0 , 57.1413,-14.5651,0.0743,0.0716,0.0,
2023/3/15 15:32:0 , 57.1413,-14.5651,0.0739,0.0725,0.0,
2023/3/15 15:42:0 , 57.1578,-14.5568,0.0729,0.0752,0.0,
2023/3/15 15:51:0 , 57.166,-14.5568,0.0734,0.0743,0.0,
2023/3/15 16:1:0 , 57.1743,-14.5596,0.0739,0.0707,0.0,
2023/3/15 16:12:0 , 57.1743,-14.5568,0.0734,0.0752,0.0,
2023/3/15 16:22:0 , 57.1771,-14.5623,0.0743,0.0711,0.0,
2023/3/15 16:31:0 , 57.1826,-14.5623,0.0739,0.0748,0.0,
2023/3/15 16:42:0 , 57.1936,-14.5623,0.0743,0.0734,0.0,
2023/3/15 16:52:0 , 57.1963,-14.5568,0.0734,0.0757,0.0,
2023/3/15 17:2:0 , 57.1936,-14.5596,0.0743,0.0748,0.0,
2023/3/15 17:11:0 , 57.2101,-14.5568,0.0739,0.0757,0.0,
2023/3/15 17:22:0 , 57.2128,-14.5623,0.0743,0.0734,0.0,
2023/3/15 17:32:0 , 57.2156,-14.5568,0.0748,0.0711,0.0,
2023/3/15 17:42:0 , 57.2294,-14.5541,0.0739,0.0757,0.0,
2023/3/15 17:51:0 , 57.2349,-14.5513,0.0739,0.0748,0.0,
2023/3/15 18:2:0 , 57.2376,-14.5596,0.0748,0.0743,0.0,
2023/3/15 18:12:0 , 57.2018,-14.5623,0.0743,0.0748,0.0,
2023/3/15 18:22:0 , 57.2266,-14.5513,0.0743,0.0757,0.0,
2023/3/15 18:32:0 , 57.2404,-14.5541,0.0743,0.0757,0.0,
2023/3/15 18:42:0 , 57.2514,-14.5596,0.0752,0.0711,0.0,
2023/3/15 18:52:0 , 57.2651,-14.5513,0.0752,0.0716,0.0,
2023/3/15 19:2:0 , 57.2707,-14.5513,0.0748,0.0725,0.0,
2023/3/15 19:12:0 , 57.2707,-14.5513,0.0743,0.0762,0.0,
2023/3/15 19:22:0 , 57.2734,-14.5513,0.0743,0.0762,0.0,
2023/3/15 19:32:0 , 57.2762,-14.5568,0.0752,0.0716,0.0,
2023/3/15 19:42:0 , 57.2927,-14.5568,0.0752,0.0716,0.0,
2023/3/15 19:52:0 , 57.2872,-14.5568,0.0752,0.0716,0.0,
2023/3/15 20:2:0 , 57.2872,-14.5513,0.0743,0.0762,0.0,
2023/3/15 20:12:0 , 57.2954,-14.5541,0.0752,0.0743,0.0,
2023/3/15 20:23:0 , 57.3009,-14.5513,0.0748,0.0762,0.0,
2023/3/15 20:32:0 , 57.2982,-14.5568,0.0752,0.0716,0.0,
2023/3/15 20:42:0 , 57.2927,-14.5541,0.0748,0.0762,0.0,
2023/3/15 20:52:0 , 57.3064,-14.5541,0.0757,0.072,0.0,
2023/3/15 21:3:0 , 57.3009,-14.5568,0.0757,0.0716,0.0,
2023/3/15 21:12:0 , 57.3119,-14.5513,0.0752,0.0716,0.0,
2023/3/15 21:22:0 , 57.3092,-14.5485,0.0743,0.0762,0.0,
2023/3/15 21:32:0 , 57.3092,-14.5568,0.0757,0.0716,0.0,
2023/3/15 21:43:0 , 57.2734,-14.5541,0.0752,0.0716,0.0,
2023/3/15 21:52:0 , 57.3009,-14.5513,0.0748,0.0739,0.0,
2023/3/15 22:2:0 , 57.3009,-14.5513,0.0752,0.0716,0.0,
2023/3/15 22:12:0 , 57.3037,-14.5485,0.0748,0.0734,0.0,
2023/3/15 22:23:0 , 57.3037,-14.5568,0.0757,0.072,0.0,
2023/3/15 22:32:0 , 57.3202,-14.5541,0.0748,0.0766,0.0,
2023/3/15 22:42:0 , 57.3257,-14.5485,0.0748,0.0766,0.0,
2023/3/15 22:53:0 , 57.323,-14.5485,0.0748,0.0743,0.0,
2023/3/15 23:3:0 , 57.3395,-14.5513,0.0757,0.072,0.0,
2023/3/15 23:12:0 , 57.3367,-14.5513,0.0757,0.072,0.0,
2023/3/15 23:22:0 , 57.323,-14.5513,0.0757,0.072,0.0,
2023/3/15 23:33:0 , 57.3367,-14.5485,0.0752,0.0766,0.0,
2023/3/15 23:43:0 , 57.345,-14.5513,0.0757,0.0725,0.0,
2023/3/16 0:4:0 , -15.0,-14.5485,0.0752,0.0748,0.0,
2023/3/16 0:30:0 , 57.3119,-14.5541,0.0748,0.0762,0.0,
2023/3/16 0:40:0 , 57.2927,-14.5458,0.0752,0.0743,0.0,
2023/3/16 0:50:0 , 57.3312,-14.5458,0.0752,0.0766,0.0,
2023/3/16 1:0:0 , 57.334,-14.5541,0.0757,0.0743,0.0,
2023/3/16 1:10:0 , 57.3422,-14.5513,0.0757,0.0748,0.0,
2023/3/16 1:20:0 , 57.3422,-14.5458,0.0748,0.0766,0.0,
2023/3/16 1:30:0 , 57.334,-14.5513,0.0757,0.072,0.0,
2023/3/16 1:40:0 , 57.3477,-14.5485,0.0752,0.0725,0.0,
2023/3/16 1:51:0 , 57.345,-14.5458,0.0748,0.0766,0.0,
2023/3/16 2:0:0 , 57.3422,-14.5513,0.0752,0.0766,0.0,
2023/3/16 2:10:0 , 57.3312,-14.5458,0.0748,0.0748,0.0,
2023/3/16 2:20:0 , 57.3395,-14.5513,0.0757,0.0748,0.0,
2023/3/16 2:31:0 , 57.3422,-14.5568,0.0757,0.072,0.0,
2023/3/16 2:40:0 , 57.3422,-14.5541,0.0757,0.072,0.0,
2023/3/16 2:50:0 , 57.3477,-14.5513,0.0752,0.0748,0.0,
2023/3/16 3:0:0 , 57.3422,-14.5485,0.0748,0.0757,0.0,
2023/3/16 3:11:0 , 57.3285,-14.5513,0.0752,0.0766,0.0,
2023/3/16 3:20:0 , 57.3367,-14.5485,0.0752,0.0766,0.0,
2023/3/16 3:30:0 , 57.334,-14.5458,0.0748,0.0748,0.0,
2023/3/16 3:40:0 , 57.3367,-14.5458,0.0748,0.0771,0.0,
2023/3/16 3:51:0 , 57.3395,-14.5485,0.0752,0.0766,0.0,
2023/3/16 4:0:0 , 57.334,-14.5513,0.0757,0.072,0.0,
2023/3/16 4:10:0 , 57.3119,-14.5513,0.0748,0.0766,0.0,
2023/3/16 4:20:0 , 57.3312,-14.5541,0.0757,0.072,0.0,
2023/3/16 4:31:0 , 57.3285,-14.5513,0.0757,0.072,0.0,
2023/3/16 4:40:0 , 57.3257,-14.5513,0.0757,0.0725,0.0,
2023/3/16 4:50:0 , 57.3257,-14.5541,0.0757,0.072,0.0,
2023/3/16 5:1:0 , 57.3285,-14.5485,0.0752,0.0743,0.0,
2023/3/16 5:11:0 , 57.345,-14.5513,0.0752,0.0729,0.0,
2023/3/16 5:21:0 , 57.334,-14.5458,0.0748,0.0739,0.0,
2023/3/16 5:30:0 , 57.3367,-14.5485,0.0748,0.0766,0.0,
2023/3/16 5:41:0 , 57.3257,-14.5541,0.0757,0.072,0.0,
2023/3/16 5:51:0 , 57.334,-14.5513,0.0757,0.072,0.0,
2023/3/16 6:1:0 , 57.3257,-14.5485,0.0752,0.0743,0.0,
2023/3/16 6:10:0 , 57.3174,-14.5541,0.0757,0.0725,0.0,
2023/3/16 6:21:0 , 57.3147,-14.5541,0.0757,0.0716,0.0,
2023/3/16 6:31:0 , 57.3064,-14.5485,0.0748,0.0757,0.0,
2023/3/16 6:41:0 , 57.3257,-14.5568,0.0757,0.0725,0.0,
2023/3/16 6:50:0 , 57.3174,-14.5485,0.0748,0.0766,0.0,
2023/3/16 7:1:0 , 57.3092,-14.5513,0.0748,0.0762,0.0,
2023/3/16 7:11:0 , 57.3119,-14.5541,0.0757,0.0716,0.0,
2023/3/16 7:21:0 , 57.2982,-14.5513,0.0743,0.0762,0.0,
2023/3/16 7:30:0 , 57.2954,-14.5541,0.0752,0.0743,0.0,
2023/3/16 7:41:0 , 57.2596,-14.5541,0.0752,0.0716,0.0,
2023/3/16 7:51:0 , 57.2899,-14.5513,0.0743,0.0752,0.0,
2023/3/16 8:1:0 , 57.2899,-14.5568,0.0752,0.0748,0.0,
2023/3/16 8:10:0 , 57.2734,-14.5568,0.0752,0.0716,0.0,
2023/3/16 8:21:0 , 57.2679,-14.5541,0.0752,0.0716,0.0,
2023/3/16 8:31:0 , 57.2762,-14.5568,0.0757,0.0716,0.0,
2023/3/16 8:41:0 , 57.2844,-14.5568,0.0752,0.0743,0.0,
2023/3/16 8:50:0 , 57.2734,-14.5596,0.0752,0.0716,0.0,
2023/3/16 9:1:0 , 57.2762,-14.5513,0.0748,0.0716,0.0,
